[
  ["A",1666,1568,8027,2576,7440,5291,9101,8153,5817,9470,1666,1568,8027,2576,7440,5291,9101,8153,5817,9470,1666,1568,8027,2576,7440,5291,9101,8153,5817,9470,1666  ],
  ["B",7958,4782,8557,961,1293,747,9039,5500,1080,4819,7958,4782,8557,961,1293,747,9039,5500,1080,4819,7958,4782,8557,961,1293,747,9039,5500,1080,4819,7958  ],
  ["C",5601,1874,5464,8220,2301,6521,6955,9242,7573,7121,5601,1874,5464,8220,2301,6521,6955,9242,7573,7121,5601,1874,5464,8220,2301,6521,6955,9242,7573,7121,5601  ],
  ["D",6019,768,6219,2041,7141,3706,7342,4110,3538,4574,6019,768,6219,2041,7141,3706,7342,4110,3538,4574,6019,768,6219,2041,7141,3706,7342,4110,3538,4574,6019  ],
  ["E",1834,1856,4358,3568,6519,3194,9869,1098,6312,4736,1834,1856,4358,3568,6519,3194,9869,1098,6312,4736,1834,1856,4358,3568,6519,3194,9869,1098,6312,4736,1834  ],
  ["F",8883,8775,938,6371,4406,3483,4204,9733,1492,4353,8883,8775,938,6371,4406,3483,4204,9733,1492,4353,8883,8775,938,6371,4406,3483,4204,9733,1492,4353,8883  ],
  ["G",2055,7051,1102,5506,1177,2441,2813,1702,4856,8882,2055,7051,1102,5506,1177,2441,2813,1702,4856,8882,2055,7051,1102,5506,1177,2441,2813,1702,4856,8882,2055  ],
  ["H",5267,4643,2995,8441,9353,3583,8588,8912,8556,7530,5267,4643,2995,8441,9353,3583,8588,8912,8556,7530,5267,4643,2995,8441,9353,3583,8588,8912,8556,7530,5267  ],
  ["I",2507,2005,4911,2434,6381,3139,3341,728,1926,2282,2507,2005,4911,2434,6381,3139,3341,728,1926,2282,2507,2005,4911,2434,6381,3139,3341,728,1926,2282,2507  ],
  ["J",809,3800,1541,1146,7942,629,788,5622,2774,9560,809,3800,1541,1146,7942,629,788,5622,2774,9560,809,3800,1541,1146,7942,629,788,5622,2774,9560,809  ],
  ["K",1666,1568,8027,2576,7440,5291,9101,8153,5817,9470,1666,1568,8027,2576,7440,5291,9101,8153,5817,9470,1666,1568,8027,2576,7440,5291,9101,8153,5817,9470,1666  ],
  ["L",7958,4782,8557,961,1293,747,9039,5500,1080,4819,7958,4782,8557,961,1293,747,9039,5500,1080,4819,7958,4782,8557,961,1293,747,9039,5500,1080,4819,7958  ],
  ["M",5601,1874,5464,8220,2301,6521,6955,9242,7573,7121,5601,1874,5464,8220,2301,6521,6955,9242,7573,7121,5601,1874,5464,8220,2301,6521,6955,9242,7573,7121,5601  ],
  ["N",6019,768,6219,2041,7141,3706,7342,4110,3538,4574,6019,768,6219,2041,7141,3706,7342,4110,3538,4574,6019,768,6219,2041,7141,3706,7342,4110,3538,4574,6019  ],
  ["O",1834,1856,4358,3568,6519,3194,9869,1098,6312,4736,1834,1856,4358,3568,6519,3194,9869,1098,6312,4736,1834,1856,4358,3568,6519,3194,9869,1098,6312,4736,1834  ],
  ["P",8883,8775,938,6371,4406,3483,4204,9733,1492,4353,8883,8775,938,6371,4406,3483,4204,9733,1492,4353,8883,8775,938,6371,4406,3483,4204,9733,1492,4353,8883  ],
  ["Q",2055,7051,1102,5506,1177,2441,2813,1702,4856,8882,2055,7051,1102,5506,1177,2441,2813,1702,4856,8882,2055,7051,1102,5506,1177,2441,2813,1702,4856,8882,2055  ],
  ["R",5267,4643,2995,8441,9353,3583,8588,8912,8556,7530,5267,4643,2995,8441,9353,3583,8588,8912,8556,7530,5267,4643,2995,8441,9353,3583,8588,8912,8556,7530,5267  ],
  ["S",2507,2005,4911,2434,6381,3139,3341,728,1926,2282,2507,2005,4911,2434,6381,3139,3341,728,1926,2282,2507,2005,4911,2434,6381,3139,3341,728,1926,2282,2507  ],
  ["T",809,3800,1541,1146,7942,629,788,5622,2774,9560,809,3800,1541,1146,7942,629,788,5622,2774,9560,809,3800,1541,1146,7942,629,788,5622,2774,9560,809  ],
  ["U",1666,1568,8027,2576,7440,5291,9101,8153,5817,9470,1666,1568,8027,2576,7440,5291,9101,8153,5817,9470,1666,1568,8027,2576,7440,5291,9101,8153,5817,9470,1666  ],
  ["V",7958,4782,8557,961,1293,747,9039,5500,1080,4819,7958,4782,8557,961,1293,747,9039,5500,1080,4819,7958,4782,8557,961,1293,747,9039,5500,1080,4819,7958  ],
  ["W",5601,1874,5464,8220,2301,6521,6955,9242,7573,7121,5601,1874,5464,8220,2301,6521,6955,9242,7573,7121,5601,1874,5464,8220,2301,6521,6955,9242,7573,7121,5601  ],
  ["X",6019,768,6219,2041,7141,3706,7342,4110,3538,4574,6019,768,6219,2041,7141,3706,7342,4110,3538,4574,6019,768,6219,2041,7141,3706,7342,4110,3538,4574,6019  ],
  ["Y",1834,1856,4358,3568,6519,3194,9869,1098,6312,4736,1834,1856,4358,3568,6519,3194,9869,1098,6312,4736,1834,1856,4358,3568,6519,3194,9869,1098,6312,4736,1834  ],
  ["Z",8883,8775,938,6371,4406,3483,4204,9733,1492,4353,8883,8775,938,6371,4406,3483,4204,9733,1492,4353,8883,8775,938,6371,4406,3483,4204,9733,1492,4353,8883  ]
]